      0/44     2.19G    0.1039    0.0354   0.02894    0.1683        27       640   0.02686    0.1333   0.01015  0.001679   0.08173    0.0302   0.02241
      1/44     3.14G   0.08428   0.03865   0.02548    0.1484        27       640    0.1238    0.1926   0.05058   0.01161   0.06647   0.03129   0.01647
      2/44     3.15G    0.0685   0.03841   0.02066    0.1276        36       640    0.3095    0.3333    0.2026   0.05162   0.05596   0.03055   0.01111
      3/44     3.15G   0.05923   0.03391   0.01585     0.109        21       640    0.2388    0.6519    0.2356   0.05537   0.05138   0.02943   0.00627
      4/44     3.15G   0.05672   0.03141   0.01133   0.09945        23       640    0.3976    0.5185    0.4075    0.1408   0.05078   0.02541  0.004101
      5/44     3.15G   0.05693   0.02844  0.007517   0.09288        29       640    0.4986    0.5926    0.5222    0.2474   0.05786   0.02218  0.003608
      6/44     3.15G   0.05445   0.02465   0.00537   0.08446        20       640    0.5758    0.5481    0.5846    0.1935   0.04896   0.02024  0.003348
      7/44     3.15G   0.05206   0.02441   0.00455   0.08102        31       640    0.8143    0.6519    0.7634    0.3459   0.03992   0.02003  0.002334
      8/44     3.15G   0.04855   0.02249  0.003724   0.07476        28       640    0.4706    0.7333    0.5446    0.1576   0.03918   0.01888  0.002754
      9/44     3.15G   0.04953   0.02219  0.003243   0.07496        54       640     0.776       0.8    0.8455    0.4054   0.03622   0.01782  0.001868
     10/44     3.15G   0.04526   0.02212  0.003283   0.07067        29       640    0.6634    0.5704    0.6761    0.2563   0.03864   0.01715  0.002387
     11/44     3.15G   0.04546   0.01997  0.002877    0.0683        34       640    0.7983    0.7915    0.8673    0.4636   0.03324   0.01633   0.00254
     12/44     3.15G   0.04388   0.02045  0.002613   0.06694        29       640    0.7497       0.8    0.8492    0.4401   0.03576   0.01797   0.00289
     13/44     3.15G   0.04805   0.02075  0.002991   0.07179        37       640    0.8217    0.8593    0.8987    0.4759   0.03055   0.01604  0.002023
     14/44     3.15G   0.04441   0.01965   0.00384    0.0679        24       640    0.8213    0.6148     0.783    0.3838   0.03674   0.01518  0.001803
     15/44     3.15G   0.04134   0.01813  0.002978   0.06244        20       640    0.6927    0.7179    0.7538    0.4293   0.03575   0.01586  0.003872
     16/44     3.15G   0.03971   0.01859  0.002964   0.06126        20       640    0.8255    0.8074    0.8579    0.4338    0.0353   0.01558  0.002653
     17/44     3.15G   0.03892   0.01768  0.002372   0.05897        28       640    0.8124    0.7701    0.8679    0.4533   0.03046   0.01466  0.001481
     18/44     3.15G   0.03682   0.01743  0.002313   0.05656        30       640    0.9249    0.8222    0.9204    0.5747   0.02725   0.01524  0.001486
     19/44     3.15G   0.03713    0.0175  0.002924   0.05755        27       640    0.8875    0.8889    0.9201    0.5843    0.0271   0.01393  0.004743
     20/44     3.15G   0.03538   0.01716  0.002265   0.05481        20       640    0.9055    0.8516    0.9319    0.5768   0.02558   0.01521  0.001729
     21/44     3.15G   0.03504   0.01696  0.002071   0.05408        29       640    0.9158    0.8222     0.912    0.5607   0.03006   0.01481  0.002302
     22/44     3.15G   0.03718   0.01695  0.001853   0.05598        34       640    0.8684    0.8815    0.9122      0.54   0.02952   0.01465  0.001853
     23/44     3.15G   0.03629   0.01707  0.002473   0.05584        23       640    0.8962    0.7036    0.8591    0.4852    0.0292   0.01444  0.001986
     24/44     3.15G   0.03451   0.01657  0.001979   0.05306        24       640    0.8916    0.7917    0.8692    0.5509   0.02641   0.01631  0.003554
     25/44     3.15G   0.03279    0.0167  0.001848   0.05134        28       640    0.9022    0.8222    0.9161    0.5515   0.02858   0.01547  0.001701
     26/44     3.15G   0.03254   0.01733  0.002006   0.05188        26       640    0.8593    0.8592    0.9041    0.5207    0.0293   0.01385 0.0009731
     27/44     3.15G   0.03166   0.01683  0.002049   0.05054        23       640    0.9322    0.8147    0.9291    0.6422   0.02391   0.01346  0.002065
     28/44     3.15G   0.03027    0.0164  0.001903   0.04856        26       640    0.9007    0.8733    0.9408    0.6108   0.02409   0.01341  0.001255
     29/44     3.15G   0.02823   0.01578  0.002514   0.04652        29       640    0.9097    0.8211    0.8964    0.5693   0.02476   0.01496  0.002222
     30/44     3.15G   0.02806   0.01713  0.002043   0.04724        37       640    0.8466    0.9401     0.946    0.6352   0.02384   0.01348 0.0009648
     31/44     3.15G    0.0273   0.01639  0.001708    0.0454        29       640    0.9198    0.8519    0.9309    0.6475   0.02175    0.0138  0.002183
     32/44     3.15G   0.02601   0.01573  0.001365   0.04311        26       640    0.8786    0.8581    0.9069    0.5953   0.02364   0.01442  0.002972
     33/44     3.15G   0.02529   0.01551  0.001435   0.04224        23       640    0.8992    0.8593    0.9343    0.6407    0.0217   0.01395  0.002411
     34/44     3.15G   0.02588   0.01526  0.001333   0.04247        37       640    0.8814    0.8815    0.9385    0.6791   0.01995   0.01317  0.005513
     35/44     3.15G   0.02375   0.01456  0.001289    0.0396        46       640     0.914    0.8667    0.9374     0.695   0.01937    0.0123  0.003412
     36/44     3.15G   0.02386   0.01509  0.001182   0.04013        36       640    0.8978    0.9109    0.9482    0.6964   0.01986   0.01217  0.001748
     37/44     3.15G   0.02218   0.01463   0.00119     0.038        32       640    0.9431    0.8592    0.9356     0.671   0.01949   0.01233    0.0027
     38/44     3.15G   0.02281   0.01559 0.0008206   0.03922        36       640    0.9211    0.8667    0.9181    0.6562   0.02013   0.01215  0.003564
     39/44     3.15G   0.02065   0.01327 0.0009143   0.03483        33       640    0.9147    0.8741    0.9195    0.6427   0.02106   0.01249  0.001563
     40/44     3.15G   0.02167   0.01391 0.0009472   0.03653        29       640    0.9426    0.8519    0.9339    0.6872      0.02   0.01176  0.002013
     41/44     3.15G   0.02162   0.01355 0.0007227   0.03589        34       640    0.8904    0.9037    0.9338    0.6797   0.02012   0.01247  0.001485
     42/44     3.15G    0.0196   0.01307 0.0008895   0.03356        16       640     0.884    0.9035    0.9349    0.6722   0.02067    0.0131  0.001079
     43/44     3.15G   0.01945   0.01298 0.0006845   0.03311        18       640    0.8571    0.9331    0.9437    0.6808   0.02036    0.0134 0.0009909
     44/44     3.15G   0.02112   0.01329  0.001016   0.03543        21       640    0.9028    0.8963    0.9431     0.682   0.01927   0.01245   0.00178
